"spp" "fertile" "flowers" "fruits" "nleaves" "NFU" "hmax" "Chl_a" "Chl_b" "ratio_ab" "Chl_total" "LT" "LA" "LDM" "LFM" "SLA" "LS" "succulence" "LWC"
"Campylocentrum micranthum" "Campylocentrum micranthum" 0.0869565217391304 0 0.0434782608695652 6.73913043478261 1.30434782608696 15.6608695652174 0.271695652173913 0.129695652173913 1.30426086956522 0.401347826086957 0.651171014521739 1.31760869565217 0.0143699304347826 0.0881348754347826 91.6939883926087 0.0569534653043478 0.0584298556521739 0.272210645304348
"Cryptocentrum latifolium" "Cryptocentrum latifolium" 0.277777777777778 0 0.0555555555555556 3.94444444444444 1 22.4111111111111 0.315888888888889 0.103333333333333 3.13472222222222 0.418666666666667 0.590562963 16.1106666666667 0.229977777777778 1.0911027 99.3477438772222 0.0451720095555556 0.651361627111111 0.814630467444444
"Dichaea hystricina" "Dichaea hystricina" 0.1 0 0 0 4.8 8.25 1.1619 0.3568 2.7859 1.5185 0.2116666667 0.00922574 0.0006865667 0.0036404753 14.7095576135 0.3353517459 0.000575773 0.0029539087
"Dichaea pendula" "Dichaea pendula" 0 0 0 0 1.66666666666667 37.3333333333333 0.887333333333333 0.307666666666667 2.94033333333333 1.19566666666667 0.215555555666667 0.185314815 0.006512963 0.0424074073333333 31.1362897166667 0.166746308 0.00936790133333333 0.0358944443333333
"Encyclia prostechea" "Encyclia prostechea" 0 0 0 7.5 5 37.75 0.7055 0.1775 3.9115 0.8835 0.636666667 40.2555 0.3829 2.215 120.630354695 0.0451231625 1.4874166665 1.8321
"Epidendrum LH" "Epidendrum LH" 0 0 0 7.66666666666667 4.66666666666667 14 0.457666666666667 0.09 5.78666666666667 0.540666666666667 0.646666666666667 3.09266666666667 0.0264333333333333 0.163333333333333 116.5939378 0.0458789773333333 0.106333333333333 0.1369
"Epidendrum porpax" "Epidendrum porpax" 0.666666666666667 0 0 24.3333333333333 2.66666666666667 10.5 0 0 0 0 1.44888888866667 1.648 0.0128666666666667 0.2 128.515752033333 0.113480650666667 0.293 0.187133333333333
"Epidendrum sp.1" "Epidendrum sp.1" 1 3 0 0 10 30 0 0 0 0 0.39 4.635 0.03 0.18 154.5 0.03236246 0.0702 0.15
"Lankesteriana cuspidata" "Lankesteriana cuspidata" 0.666666666666667 2 0.166666666666667 0 9.66666666666667 2.6 0.7565 0.257666666666667 2.92366666666667 1.014 0.433888888833333 0.50055 0.00409666666666667 0.0136666666666667 253.860380088333 0.024057095 0.00639000016666667 0.0122033333333333
"Lepanthes sp" "Lepanthes sp" 0 0 0 0 2 9.5 0 0 0 0 0.3309 2.383 0.59 0 4.038983051 0 0 0
"Lepanthes sp.1" "Lepanthes sp.1" 0.857142857142857 0.428571428571429 0.142857142857143 0 13.4285714285714 4.14285714285714 0.300714285714286 0.142 0.929714285714286 0.442714285714286 0.529523809571429 0.405371428571429 0.00276857142857143 0.0183571428571429 146.792514614286 0.0415789264285714 0.00972571414285714 0.0158885714285714
"Lepanthes sp.2" "Lepanthes sp.2" 0.6 0.36 0 0.12 3.44 7.616 0.28384 0.08864 2.06828 0.37148 0.36913199996 2.55764 0.011892512 0.0984668018 220.370865688 0.03230500204 0.0374100262 0.33550960136
"Lepanthes sp.3" "Lepanthes sp.3" 0.142857142857143 0 0 0.857142857142857 3.57142857142857 7.51428571428571 0.693285714285714 0.205857142857143 4.006 0.899 0.400461904857143 2.84242857142857 0.0158572857142857 0.111780184714286 239.006156185714 0.0325254384285714 0.0441795427142857 0.208603373285714
"Lepanthopsis floripecten" "Lepanthopsis floripecten" 0 0 0 1.16666666666667 7 4.5 0.3675 0.1175 2.7295 0.4765 0.501666666833333 0.613333333333333 0.00543333333333333 0.0335166666666667 118.060784891667 0.0435028146666667 0.0182588888333333 0.0287333333333333
"Oncidium chrysomorphum" "Oncidium chrysomorphum" 0 0 0 12 16 34.5 1.148 0.073 15.701 1.221 0.523333333 63.54 0.7845 3.7 80.99426386 0.045884482 1.936333333 2.9155
"Oncidium pictum" "Oncidium pictum" 0.1 0.1 0 5.9 6.8 29.78 0.6932 0.2136 1.7571 0.9069 0.4399633332 38.9367 0.3178 1.8951312 131.565064098 0.0364956817 1.0154853093 1.2202890302
"Platystele consobrina" "Platystele consobrina" 1 0 0 0 5.5 1 0 0 0 0 0.0767 0.119 0.105 0 1.133181818 0 0 0
"Pleurothallis hystrix" "Pleurothallis hystrix" 0 0 0 9 9 36 0.447 0.203 2.204 0.65 0.676666667 2.56 0.0372 0.19 68.8172043 0.0596875 0.128566667 0.1528
"Restrepia antennifera" "Restrepia antennifera" 0.15 0.25 0.0166666666666667 0.7 6.28333333333333 8.79166666666667 0.224966666666667 0.0879666666666667 1.95063333333333 0.308816666666667 0.864147777783333 6.50455 0.05924505 0.572037863783333 121.090304453 0.0759440500666667 0.54091326475 0.5855026247
"Stelis argentata" "Stelis argentata" 0 0 0 3.66666666666667 5 11.9333333333333 0.324333333333333 0.242 1.76466666666667 0.566 1.38777777766667 7.18366666666667 0.0802666666666667 0.876666666666667 91.96032824 0.107819734666667 1.24743333333333 0.7964
"Stelis sp.2" "Stelis sp.2" 1 1 0 0 4 3.2 0.553 0.33 1.686 0.883 0.483333333 0.967 0.0039 0.04 247.9487179 0.037331954 0.019333333 0.0361
"Stelis spathulata" "Stelis spathulata" 0.444444444444444 1.58333333333333 0.0138888888888889 1.75 8.51388888888889 10.1333333333333 0.297166666666667 0.0947222222222222 10.611875 0.391055555555556 0.665919907402778 2.57686111111111 0.02163375 0.186802655 116.269133771389 0.0626788516805556 0.127557719861111 0.380240164861111
"Stelis vulcanica" "Stelis vulcanica" 0 0 0 3.66666666666667 10.5 41.3333333333333 0.252 0.131166666666667 1.45266666666667 0.383166666666667 1.70222222216667 63.0526666666667 0.770483333333333 9.62166666666667 81.430581575 0.1393287185 16.716916665 6.41912373733333
"Sygmatostalix sergii" "Sygmatostalix sergii" 1 4.5 0 0 4 12 0.227 0.0025 49.726 0.229 0.381666667 3.1295 0.0194 0.155 161.12815755 0.0429899095 0.058933333 0.1356
